version https://git-lfs.github.com/spec/v1
oid sha256:8b6efb92d69117df9f59398929af50c1ba7119771569d8eede63a038d2cb6bff
size 1407178
